<?xml version="1.0"?>
<opencv_storage>
<calibration_Time>"Wed Feb  1 20:21:30 2017"</calibration_Time>
<nrOfFrames>16</nrOfFrames>
<image_Width>318</image_Width>
<image_Height>198</image_Height>
<board_Width>4</board_Width>
<board_Height>11</board_Height>
<square_Size>3.7999999523162842e+00</square_Size>
<flagValue>0</flagValue>
<Camera_Matrix type_id="opencv-matrix">
  <rows>3</rows>
  <cols>3</cols>
  <dt>d</dt>
  <data>
    2.4738819337616684e+02 0. 1.6328816620582751e+02 0.
    2.4705307568920594e+02 9.2759251516697063e+01 0. 0. 1.</data></Camera_Matrix>
<Distortion_Coefficients type_id="opencv-matrix">
  <rows>5</rows>
  <cols>1</cols>
  <dt>d</dt>
  <data>
    -4.2146447504173085e-01 1.1015487046833729e-01
    3.4881873340667112e-03 3.4180671565597486e-03 2.9064062964274534e-01</data></Distortion_Coefficients>
<Avg_Reprojection_Error>1.5001105683699090e-01</Avg_Reprojection_Error>
<Per_View_Reprojection_Errors type_id="opencv-matrix">
  <rows>16</rows>
  <cols>1</cols>
  <dt>f</dt>
  <data>
    2.93701917e-01 1.19698487e-01 1.08402275e-01 1.00332819e-01
    2.68337280e-01 1.46330893e-01 9.57102925e-02 9.58395824e-02
    1.82174042e-01 1.61430195e-01 1.35673374e-01 1.44096524e-01
    8.93254727e-02 8.06310773e-02 8.02442059e-02 8.09059590e-02</data></Per_View_Reprojection_Errors>
<!-- a set of 6-tuples (rotation vector + translation vector) for each view -->
<Extrinsic_Parameters type_id="opencv-matrix">
  <rows>16</rows>
  <cols>6</cols>
  <dt>d</dt>
  <data>
    -1.9490794404362005e-01 1.0395664886003153e-01
    -1.5769623960147354e+00 -1.8472480267606112e+01
    1.5859441522818726e+01 6.4208387020204384e+01
    -1.8762617708181553e-01 1.1141629472700831e-01
    -1.5468462541910633e+00 -1.7539929688861072e+01
    1.4002287197205790e+01 6.3238966252186096e+01
    -7.2880227876099557e-01 3.4986692329925201e-01
    -1.4295815021172968e+00 -1.1800520795934073e+01
    1.4379398874422719e+01 8.2035045848841591e+01
    -7.3078531178573780e-01 3.4627271888408340e-01
    -1.4317133314116455e+00 -1.1819114304418941e+01
    1.4749265686251261e+01 8.2091459603343424e+01
    -3.1524557726770025e-01 -1.6410796865713020e-01
    -1.4136315928024281e+00 -1.8670426844650024e+01
    6.8238490916201613e+00 5.8136758130804331e+01
    -3.0859988348059203e-01 -1.5768371646443713e-01
    -1.4344689698489901e+00 -2.0444521022501107e+01
    8.5280760639600732e+00 5.8010883159397515e+01
    -2.0254655570245408e-01 9.4492131064585275e-02
    -1.5664464039685149e+00 -2.5664198509187894e+01
    1.6207022860116997e+01 8.1598978044700289e+01
    -2.1041729723429631e-01 8.0008347822738732e-02
    -1.5529915985954346e+00 -2.5420387967649962e+01
    1.5664861225643323e+01 8.1853534076237153e+01
    -4.0458042980147280e-01 2.9394009909819491e-01
    -1.6332766459439758e+00 -2.4586732958882983e+01
    2.8341361915855000e+01 8.1336549188445872e+01
    -3.7857178126170832e-01 2.8964671722489987e-01
    -1.6279911796242905e+00 -2.7003621498603440e+01
    2.5411420206233586e+01 7.7374338318766249e+01 3.5904376645304559e-01
    1.9294964350516303e-01 -1.2867595974119936e+00
    -1.7318355621854288e+01 4.1854210016184767e+00
    6.9536795612776331e+01 3.6774019833579663e-01 1.8948753104840355e-01
    -1.2890787081937201e+00 -1.8230619457019518e+01
    1.3831414194848668e+00 6.9224744247132108e+01
    -1.4275544417926933e-01 9.4173128905663289e-02
    -1.4750166853377329e+00 -3.0379561408228316e+01
    2.1279269561510894e+01 9.9625006305407055e+01
    -1.1207430854390278e-01 4.3339002793520875e-02
    -1.5120367979408578e+00 -3.0702430678939592e+01
    2.3177184358583943e+01 9.4596783401892949e+01
    -7.3720940710465255e-01 -2.3380977042845311e-02
    -1.3123126651152484e+00 -2.3028937912552092e+01
    2.7892087626391785e+01 9.0888996549952438e+01
    -7.3952545268089742e-01 -4.8525515597593451e-04
    -1.3158805474078645e+00 -2.2354232448343929e+01
    2.7581595633589298e+01 9.1877976725800863e+01</data></Extrinsic_Parameters>
<Image_points type_id="opencv-matrix">
  <rows>16</rows>
  <cols>44</cols>
  <dt>"2f"</dt>
  <data>
    9.64272842e+01 1.50310272e+02 9.51912155e+01 1.22862083e+02
    9.51726608e+01 9.51138535e+01 9.59130020e+01 6.76373138e+01
    1.08177505e+02 1.37543716e+02 1.07638184e+02 1.09083481e+02
    1.07771912e+02 8.08055801e+01 1.08640625e+02 5.33440475e+01
    1.21974648e+02 1.52426285e+02 1.21064064e+02 1.23796921e+02
    1.20854088e+02 9.47615356e+01 1.21176834e+02 6.61188583e+01
    1.35085663e+02 1.38889191e+02 1.34590576e+02 1.09362061e+02
    1.34700623e+02 7.99028549e+01 1.35070541e+02 5.13439827e+01
    1.49678421e+02 1.53931778e+02 1.49009171e+02 1.24392151e+02
    1.48783844e+02 9.43463135e+01 1.48801163e+02 6.47057114e+01
    1.63978287e+02 1.39822113e+02 1.63563278e+02 1.09287811e+02
    1.63313660e+02 7.89963379e+01 1.63070099e+02 4.96819191e+01
    1.79345215e+02 1.55085602e+02 1.78973724e+02 1.24733040e+02
    1.78633347e+02 9.39443970e+01 1.78040421e+02 6.35636215e+01
    1.94803345e+02 1.40258835e+02 1.94495667e+02 1.09224861e+02
    1.93801285e+02 7.83296738e+01 1.92795792e+02 4.86280289e+01
    2.10208893e+02 1.55276016e+02 2.10243256e+02 1.24708832e+02
    2.09637192e+02 9.35187378e+01 2.08597778e+02 6.28933716e+01
    2.25561584e+02 1.40029694e+02 2.25367752e+02 1.08876137e+02
    2.24363007e+02 7.78481369e+01 2.22747528e+02 4.79481316e+01
    2.40213562e+02 1.54750183e+02 2.40529648e+02 1.24184586e+02
    2.40012466e+02 9.31891479e+01 2.38388138e+02 6.26868782e+01
    9.83721619e+01 1.44863159e+02 9.80736618e+01 1.16849487e+02
    9.88738937e+01 8.84563065e+01 1.00423203e+02 6.03356247e+01
    1.10868408e+02 1.32113800e+02 1.11359146e+02 1.02990082e+02
    1.12369080e+02 7.41338806e+01 1.13974457e+02 4.60519104e+01
    1.24492348e+02 1.47476151e+02 1.24650124e+02 1.18318726e+02
    1.25312637e+02 8.86297989e+01 1.26634422e+02 5.93848381e+01
    1.38427277e+02 1.33983643e+02 1.38985916e+02 1.03866264e+02
    1.40013412e+02 7.37376480e+01 1.41278931e+02 4.46059456e+01
    1.52820953e+02 1.49645935e+02 1.53218781e+02 1.19594833e+02
    1.54116837e+02 8.89266586e+01 1.55054886e+02 5.86024246e+01
    1.68051605e+02 1.35587891e+02 1.68770508e+02 1.04477928e+02
    1.69516769e+02 7.35422516e+01 1.70062027e+02 4.36876221e+01
    1.83106308e+02 1.51376923e+02 1.84014969e+02 1.20615913e+02
    1.84621841e+02 8.91915207e+01 1.85011261e+02 5.82610130e+01
    1.99317154e+02 1.36725601e+02 2.00261322e+02 1.05255859e+02
    2.00681564e+02 7.37738266e+01 2.00579483e+02 4.34944649e+01
    2.14308533e+02 1.52268997e+02 2.15597885e+02 1.21282997e+02
    2.16191986e+02 8.96088181e+01 2.16097443e+02 5.85244522e+01
    2.30438278e+02 1.37198959e+02 2.31480515e+02 1.05696541e+02
    2.31624847e+02 7.41642303e+01 2.30812683e+02 4.38833427e+01
    2.44557388e+02 1.52458405e+02 2.46178146e+02 1.21615410e+02
    2.46790268e+02 9.02124176e+01 2.46209808e+02 5.93184853e+01
    1.28593079e+02 1.35267517e+02 1.31640778e+02 1.13312317e+02
    1.35238388e+02 9.17906189e+01 1.38867126e+02 7.08803787e+01
    1.37785446e+02 1.25026711e+02 1.41351318e+02 1.02524330e+02
    1.44961792e+02 8.06111984e+01 1.48381317e+02 5.96645699e+01
    1.44668625e+02 1.37609802e+02 1.47850983e+02 1.14073036e+02
    1.51378830e+02 9.11726990e+01 1.54979385e+02 6.90184402e+01
    1.55142288e+02 1.26742218e+02 1.58576813e+02 1.02584190e+02
    1.62125031e+02 7.93145676e+01 1.65298218e+02 5.70084000e+01
    1.63009338e+02 1.40074310e+02 1.66284470e+02 1.14979294e+02
    1.69861160e+02 9.05162735e+01 1.73093994e+02 6.69317932e+01
    1.74774780e+02 1.28471268e+02 1.78186722e+02 1.02643250e+02
    1.81512466e+02 7.78911362e+01 1.84217224e+02 5.42450638e+01
    1.83733170e+02 1.42619400e+02 1.87197952e+02 1.15817123e+02
    1.90613815e+02 8.98210297e+01 1.93305725e+02 6.47166214e+01
    1.97137222e+02 1.30178528e+02 2.00487869e+02 1.02689163e+02
    2.03353882e+02 7.63643951e+01 2.05677170e+02 5.16184502e+01
    2.07511948e+02 1.45180328e+02 2.11027695e+02 1.16693306e+02
