<?xml version="1.0"?>
<opencv_storage>
<calibration_Time>"Mon Jan 23 21:12:38 2017"</calibration_Time>
<nrOfFrames>26</nrOfFrames>
<image_Width>318</image_Width>
<image_Height>198</image_Height>
<board_Width>4</board_Width>
<board_Height>11</board_Height>
<square_Size>3.7999999523162842e+00</square_Size>
<flagValue>0</flagValue>
<Camera_Matrix type_id="opencv-matrix">
  <rows>3</rows>
  <cols>3</cols>
  <dt>d</dt>
  <data>
    2.3985267521520319e+02 0. 1.6301875735894930e+02 0.
    2.3966525570892836e+02 9.6893498756951487e+01 0. 0. 1.</data></Camera_Matrix>
<Distortion_Coefficients type_id="opencv-matrix">
  <rows>5</rows>
  <cols>1</cols>
  <dt>d</dt>
  <data>
    -4.3141482245004620e-01 2.6090111398442251e-01
    9.4246116145350911e-04 -5.9531543350470929e-05
    -1.3414746177967971e-01</data></Distortion_Coefficients>
<Avg_Reprojection_Error>1.4239780358351189e-01</Avg_Reprojection_Error>
<Per_View_Reprojection_Errors type_id="opencv-matrix">
  <rows>26</rows>
  <cols>1</cols>
  <dt>f</dt>
  <data>
    1.11664556e-01 1.43119276e-01 1.87581882e-01 1.66710392e-01
    1.60202101e-01 1.27331734e-01 1.28114045e-01 1.81832418e-01
    1.76552743e-01 1.58763975e-01 1.55740127e-01 2.28064895e-01
    1.53597206e-01 1.04670510e-01 7.25978687e-02 6.91866428e-02
    1.37305409e-01 1.14015497e-01 1.11871153e-01 1.14156604e-01
    1.16685219e-01 1.21459946e-01 1.29354760e-01 1.20642081e-01
    1.68650776e-01 1.31040633e-01</data></Per_View_Reprojection_Errors>
<!-- a set of 6-tuples (rotation vector + translation vector) for each view -->
<Extrinsic_Parameters type_id="opencv-matrix">
  <rows>26</rows>
  <cols>6</cols>
  <dt>d</dt>
  <data>
    -2.7639033535313759e-03 -4.4167529736379052e-02
    -1.5140767558735351e+00 -6.0985217525854125e+00
    8.3231489920615900e+00 5.7475044522073794e+01
    -5.5261941421046066e-03 -2.4116242127864389e-02
    -1.5157242070182975e+00 -7.0489175987186883e+00
    9.1540369215641775e+00 5.6686764336057884e+01
    -3.5795832241427232e-02 -1.0127320592466355e-01
    -1.4984713168313768e+00 -1.5117014327937316e+01
    1.3128180746180423e+01 5.8396390400702636e+01
    -6.5778663237925791e-02 -9.5577405582800840e-02
    -1.5425810310893031e+00 -1.2433047014896193e+01
    1.1979253001854357e+01 5.7730586935031582e+01
    -7.4663327120738712e-02 -9.2302206361789013e-02
    -1.5546953381833770e+00 -1.2225162079669879e+01
    1.1905620179375681e+01 5.7721723957816067e+01 1.7501949793193861e-01
    -6.3346811211695775e-01 -1.3433822447539030e+00
    -1.0114878137573966e+01 5.8781263025754651e+00
    4.6153096945001337e+01 1.7610671695760946e-01
    -6.2563984729871636e-01 -1.3546224521628325e+00
    -1.0305962477283289e+01 5.4018380995560804e+00
    4.5428379278861740e+01 -6.7499311506466808e-01
    -2.3788193944392430e-01 -1.5191297264353865e+00
    -2.0289628343713751e+01 1.4839997346555993e+01
    6.0613328310813110e+01 -6.7159525247576335e-01
    -2.4346904744945694e-01 -1.5316117326916689e+00
    -2.0727196048388596e+01 1.4701046712156794e+01
    6.0897929938030927e+01 -3.1121173652862727e-01
    -5.9283683968690259e-01 -1.6537540497380268e+00
    -1.8440709811764357e+01 5.7994962206945608e+00
    4.8573485682851235e+01 -2.9844776799015116e-01
    -5.9715907124836143e-01 -1.6642830193360334e+00
    -1.8931475611037499e+01 5.3443675532609163e+00
    4.8368033897585370e+01 3.1847078877148327e-01
    -1.4413518629082875e-01 -1.6229568061858570e+00
    -2.4221590269587740e+01 1.5326750308318260e+01
    5.1945532995673439e+01 2.8362628340704571e-01
    -1.3579916438429690e-01 -1.6349294739619979e+00
    -2.1222333773133563e+01 1.6088062270528784e+01
    5.1706712883523060e+01 -9.4602324128030699e-02
    -2.0572757681357032e-01 -1.5020772462753849e+00
    -2.3528436572209120e+01 2.4968484764595296e+01
    9.8341298694340509e+01 -1.3888169236214917e-01
    -1.3627446855398190e-01 -1.6062918806149071e+00
    -1.4313617621500990e+01 2.5613792640580677e+01
    9.7698967496977005e+01 -1.2743479139046388e-01
    -1.3542068394988463e-01 -1.6433535580422931e+00
    -1.4186076443467105e+01 2.5282197743749311e+01
    9.5642752573800976e+01 4.3872550017777551e-01
    -6.1095135012541679e-01 -1.4714783414215833e+00
    -2.6812580408993092e+01 2.4476555469259869e+00
    4.9045639414293895e+01 4.1376214074236722e-01
    -6.3739994328458427e-01 -1.4954978184058578e+00
    -3.0307275038141842e+01 3.7034381528179705e+00
    4.7417871659491738e+01 -4.1872222868888415e-01
    -4.6200801289422883e-01 -1.5608378660436810e+00
    -1.7371161137323199e+01 1.6530564529112191e+01
    6.5939665340976447e+01 -4.1499372317964700e-01
    -4.4679664586478351e-01 -1.5732424737289619e+00
    -1.7290272143759058e+01 1.4952655196902242e+01
    6.6557660233047400e+01 -3.5289317021187849e-01
    -6.0855904021998486e-01 -1.6241627037344681e+00
    -1.7123100412684142e+01 1.6604520743303016e+01
    5.4274871974937696e+01 -3.0342656866665713e-01
    -5.6840660310228086e-01 -1.5824467578732428e+00
    -1.9486261962092151e+01 1.0788012642029393e+01
    5.5644242704301405e+01 -2.9948667656945960e-01
    -5.6005777582631877e-01 -1.5743759193892541e+00
    -2.1327891545124963e+01 8.9568212872867967e+00
    5.5530923771036505e+01 -2.5430279121520655e-01
    -5.3315519576124759e-01 -1.5636896649427603e+00
    -1.9956368774271599e+01 7.9449265134134768e+00
    5.4456224931384313e+01 1.0138467370854079e-01
    -3.2410835680012917e-01 -1.5881004616244436e+00
    -2.5993295640855759e+01 7.0034588552979269e+00
    5.4838546819129192e+01 9.7979103678660043e-02
    -3.1974815265205336e-01 -1.5678032664961332e+00
    -2.6653533792836743e+01 7.3441428486639655e+00
    5.4795116099818109e+01</data></Extrinsic_Parameters>
