<?xml version="1.0"?>
<opencv_storage>
<calibration_Time>"Fri Jan 20 21:36:42 2017"</calibration_Time>
<nrOfFrames>26</nrOfFrames>
<image_Width>318</image_Width>
<image_Height>198</image_Height>
<board_Width>4</board_Width>
<board_Height>11</board_Height>
<square_Size>3.7999999523162842e+00</square_Size>
<flagValue>0</flagValue>
<Camera_Matrix type_id="opencv-matrix">
  <rows>3</rows>
  <cols>3</cols>
  <dt>d</dt>
  <data>
    2.4201057226151437e+02 0. 1.6320590782190664e+02 0.
    2.4165144750903585e+02 1.0555982983866595e+02 0. 0. 1.</data></Camera_Matrix>
<Distortion_Coefficients type_id="opencv-matrix">
  <rows>5</rows>
  <cols>1</cols>
  <dt>d</dt>
  <data>
    -4.4986826555700266e-01 2.7863152162950844e-01
    -3.5889341835441052e-04 -7.5254426364522293e-06
    -1.1570650803764057e-01</data></Distortion_Coefficients>
<Avg_Reprojection_Error>1.6412372974948500e-01</Avg_Reprojection_Error>
<Per_View_Reprojection_Errors type_id="opencv-matrix">
  <rows>26</rows>
  <cols>1</cols>
  <dt>f</dt>
  <data>
    9.43789557e-02 9.47335213e-02 1.34206221e-01 1.30364239e-01
    1.23569988e-01 1.34110451e-01 1.33488953e-01 1.67822540e-01
    1.34264648e-01 1.87691599e-01 1.88701838e-01 1.72251076e-01
    1.88567713e-01 1.89519137e-01 1.92944005e-01 7.55626783e-02
    7.86933601e-02 2.50119656e-01 2.33912677e-01 2.12206170e-01
    1.66197836e-01 1.74114466e-01 1.55946523e-01 1.59219489e-01
    1.67848811e-01 1.76063478e-01</data></Per_View_Reprojection_Errors>
<!-- a set of 6-tuples (rotation vector + translation vector) for each view -->
<Extrinsic_Parameters type_id="opencv-matrix">
  <rows>26</rows>
  <cols>6</cols>
  <dt>d</dt>
  <data>
    -6.4656944233965785e-02 -2.7153072068890394e-02
    1.6577061451722064e+00 2.2596860283790175e+01
    -1.7323593660930690e+01 7.4156017799398128e+01
    -7.2500231025133588e-02 -3.2982614803199591e-02
    1.6586275648296211e+00 1.6266148566843668e+01
    -1.9514725504567682e+01 7.7438554660940198e+01
    -7.0509158594100396e-02 -2.4755485306656225e-02
    1.6741525567264990e+00 1.9311157882866091e+01
    -1.8039984720043961e+01 7.7758493630317446e+01
    -4.8966954523689538e-01 2.8315794147796169e-01
    1.5883218505184218e+00 9.8676245048841160e+00
    -1.0427087092368366e+00 8.3754011848299328e+01
    -4.6651785387641492e-01 2.9141415229450923e-01
    1.5848345931618792e+00 1.1674823662491905e+01
    -2.6201075832829193e+00 8.3280102729006032e+01
    1.6493834304425456e-01 -3.4656935596065064e-01
    1.6118156811177171e+00 9.2866129630722654e+00
    -1.8495410782264415e+01 6.4227684244779397e+01
    1.4273334776187929e-01 -2.6995031251959917e-01
    1.6538474996873855e+00 1.4183664250916912e+01
    -1.6193196792006077e+01 6.5582756211754884e+01
    -3.2636876261763570e-01 -3.3697783455448094e-01
    1.5822779081967273e+00 1.4346192904430701e+01
    -1.0134656608616559e+01 7.1214823314274597e+01
    -3.2138241936204981e-01 -3.3776756909664535e-01
    1.5846709459791695e+00 1.4751174726257906e+01
    -9.5775742965075903e+00 7.1618886624225553e+01
    3.6535811634411580e-01 3.5539508878922588e-01 1.4160133552909580e+00
    4.5475324850919039e+00 -1.5515217478799244e+01
    5.8200014051980794e+01 3.6739088888425003e-01 3.6523150042252833e-01
    1.4107833198690061e+00 5.0291827994805667e+00
    -1.5705741089110228e+01 5.7655538096388334e+01
    -6.7343112045895798e-02 3.4227421039915384e-01
    1.6617899420208140e+00 2.2429361519936499e+01
    -2.5097416518634411e+01 6.2999144333440647e+01
    -8.3455378199483093e-02 3.7198051793078779e-01
    1.6476376499385108e+00 2.0590028949468458e+01
    -2.2300815089055547e+01 6.4498817018229715e+01
    -7.0624070777073045e-01 -1.1052118244409634e-01
    1.6666160645297754e+00 1.5867347677118024e+01
    -7.8562929017174801e+00 8.0329898634824332e+01
    -6.8575709425072140e-01 -1.0380906159736233e-01
    1.6636504299208172e+00 1.6946893454559991e+01
    -9.1022967991635255e+00 7.9920764435035991e+01
    -1.1105505472703441e-01 4.3365583449094455e-02
    1.5889497656523637e+00 2.1200974972244364e+01
    -8.3671370442511055e+00 1.0756001412145480e+02
    -9.8319310784807865e-02 4.4492584295401968e-02
    1.5902297476239662e+00 2.2597425725828401e+01
    -9.3599720672063480e+00 1.0607396200178235e+02
    -4.3058515928908799e-03 5.9653612693487117e-02
    1.6038032599220773e+00 1.8497442729480721e+01
    -1.6921913169409727e+01 4.4177162479059724e+01
    -8.0259314434994433e-01 -3.2398231407067801e-01
    1.7922631292897622e+00 4.1843436133983589e+00
    -8.0016436213486131e+00 6.6990277701650712e+01
    -7.9767083883174328e-01 -3.2054232742714861e-01
    1.7884382859231172e+00 3.5829785528232496e+00
    -7.3469893638992705e+00 6.7361540113844285e+01
    1.2095276868558413e-01 1.7445256888474822e-01 1.5548843770859231e+00
    1.0007485078870499e+00 -2.4943204785608028e+01
    6.1166786181313718e+01 1.2286139228436960e-01 1.7950161520937655e-01
    1.5180347060216484e+00 5.1688449379498835e-01
    -2.2815671327690552e+01 6.1036713316732936e+01
    -1.9845795979702574e-01 -1.7534529544186742e-01
    1.5690914794126054e+00 8.7294569277905989e+00
    -1.1493396136069713e+01 4.9511682653387311e+01
    -1.9644581539612174e-01 -1.8776863700821955e-01
    1.5687257405185806e+00 7.5135164045702609e+00
    -1.2495550219959913e+01 4.8880695535318182e+01
    -7.9964693849889956e-01 -2.7522446179911830e-01
    1.5914331013495284e+00 -2.4081571947714862e+00
    -6.9349935665822287e+00 7.4150832993501169e+01
    -7.8761271299439517e-01 -2.8352957916732086e-01
    1.5976195534618221e+00 -1.3545772771784119e+00
    -8.3203938549191037e+00 7.4032770585287821e+01</data></Extrinsic_Parameters>
