<?xml version="1.0"?>
<opencv_storage>
<calibration_Time>"Sat Jan 21 12:49:40 2017"</calibration_Time>
<nrOfFrames>26</nrOfFrames>
<image_Width>318</image_Width>
<image_Height>198</image_Height>
<board_Width>4</board_Width>
<board_Height>11</board_Height>
<square_Size>3.7999999523162842e+00</square_Size>
<flagValue>0</flagValue>
<Camera_Matrix type_id="opencv-matrix">
  <rows>3</rows>
  <cols>3</cols>
  <dt>d</dt>
  <data>
    2.4092945738623632e+02 0. 1.6400177281813782e+02 0.
    2.4074672837853737e+02 1.0322632528989223e+02 0. 0. 1.</data></Camera_Matrix>
<Distortion_Coefficients type_id="opencv-matrix">
  <rows>5</rows>
  <cols>1</cols>
  <dt>d</dt>
  <data>
    -4.4417879165296614e-01 2.9855549274987636e-01
    8.9372328340809920e-04 -1.7789354429008196e-04
    -1.6219392349600034e-01</data></Distortion_Coefficients>
<Avg_Reprojection_Error>1.2511502424670845e-01</Avg_Reprojection_Error>
<Per_View_Reprojection_Errors type_id="opencv-matrix">
  <rows>26</rows>
  <cols>1</cols>
  <dt>f</dt>
  <data>
    1.02569446e-01 1.52571425e-01 1.27279833e-01 1.26984477e-01
    1.14881523e-01 1.11030117e-01 1.09544523e-01 7.93139711e-02
    1.67034358e-01 1.47658452e-01 1.47674933e-01 1.39011785e-01
    1.21354438e-01 8.78108218e-02 1.23858817e-01 1.25077978e-01
    1.35003045e-01 1.34049714e-01 1.50548697e-01 1.46837518e-01
    1.11349672e-01 1.07492343e-01 1.10457405e-01 1.11509874e-01
    1.06996439e-01 1.11090489e-01</data></Per_View_Reprojection_Errors>
<!-- a set of 6-tuples (rotation vector + translation vector) for each view -->
<Extrinsic_Parameters type_id="opencv-matrix">
  <rows>26</rows>
  <cols>6</cols>
  <dt>d</dt>
  <data>
    -1.8469963132805099e-02 2.3404848321495766e-01
    1.6614855911203330e+00 2.4570952147305373e+01
    -1.2974950848263763e+01 6.0977319641971782e+01
    -1.1987158280923496e-02 2.2941094479933427e-01
    1.6646436212732194e+00 2.4857778984059582e+01
    -1.2981509723490888e+01 6.1024496538224625e+01
    -5.1357131522468580e-01 1.5231188798988404e-01
    1.8024456318737230e+00 3.5131971738865161e+01
    -5.1479651979961361e+00 7.2840936771255784e+01
    -5.0830984043087202e-01 1.5319707948314079e-01
    1.7994156835822424e+00 3.4820595835293176e+01
    -5.7792084777820794e+00 7.2242301942474398e+01
    -6.1975118439727660e-02 8.6245593754265715e-01
    1.6392024362183146e+00 3.3147236108441255e+01
    -5.3499592952333304e+00 6.8472172326129098e+01
    -7.5982279700660155e-02 8.4221533340947863e-01
    1.6352617909443226e+00 3.2043774232472813e+01
    -6.1375051937673764e+00 6.9681429402676827e+01
    -8.0507791599206152e-02 1.2195122501112944e-01
    1.7837020308974771e+00 2.1656504875719445e+01
    -4.0655811420560024e+00 1.0572196471498050e+02
    -8.6397983308847653e-02 1.4347758034506872e-01
    1.7744181514641149e+00 2.2813772901886953e+01
    -1.8115800408992051e+00 1.0624048039966949e+02
    -5.6833590209807516e-01 -7.6892519535975656e-01
    1.5982356377495601e+00 3.9538362393291879e+00
    -7.7895838996973685e+00 8.7738695852074599e+01
    -5.5947192601022444e-01 -7.2855053165340666e-01
    1.6280391024120477e+00 5.9859511705528439e+00
    -6.9260932498705552e+00 8.9197674706157088e+01
    1.5319702737641855e-02 3.1169381137119534e-01 1.8424175126493090e+00
    -4.4716420836491144e+00 -2.7434131293343964e+00
    6.2803398230736185e+01 1.9992688017149516e-02 3.0695222268817329e-01
    1.8240377282559730e+00 -4.2926848278692731e+00
    -3.7564494562004374e+00 6.2172756857153750e+01
    -5.2900175942208627e-01 4.9169118277210228e-01
    1.6165149639445535e+00 2.0878958808119311e+01
    -6.2256663977339919e+00 9.4491188758686874e+01
    -4.6473482723521381e-01 4.5895356576773566e-01
    1.6242929563352559e+00 2.1902633340790285e+01
    -1.1179687630712104e+01 9.1482861737648903e+01
    1.8263417255576757e+00 1.7623114923783643e+00
    -6.5742649073868442e-01 -2.5914254601549054e+01
    -1.7355062878940544e+01 8.1995768785678521e+01
    1.8250535610225123e+00 1.7626915329959227e+00
    -6.7622276819631522e-01 -2.4366802888096153e+01
    -1.6526311767671732e+01 8.2555900921855141e+01
    -7.3620785358589547e-01 2.9422481717156390e-01
    1.7865725360828995e+00 2.2717833612260964e+01
    -2.2088898677004449e+00 8.0757627656104518e+01
    -7.0523456550643682e-01 2.8536915314763373e-01
    1.7898144883956044e+00 2.3225395864563414e+01
    -4.2844547238259878e+00 7.9076430595894010e+01
    1.9303785098769315e+00 2.0837249963723310e+00
    -9.7689120425011733e-01 -2.1474225882625706e+01
    -9.6936736718697745e+00 7.4215184837227511e+01
    1.9312816894141749e+00 2.0863822558287892e+00
    -1.0003130348110598e+00 -1.9789019100479084e+01
    -1.0230602340441708e+01 7.4323654886350226e+01
    -2.8569994477925187e-01 4.4975571713686557e-01
    1.6672918378763244e+00 2.6571204236935763e+01
    -1.1299914799980382e+01 6.8206396426838239e+01
    -2.5329507174944510e-01 5.0489916450063377e-01
    1.5833672633175089e+00 2.5668034412269677e+01
    -1.3636092616034411e+01 6.7231078971690550e+01
    -2.5002019855999591e-01 5.0790922592012699e-01
    1.5604217615214599e+00 2.4960698512389069e+01
    -1.4390777377983486e+01 6.7039086855874231e+01
    -2.5432161691253025e-01 5.0748194936555968e-01
    1.5563371603368144e+00 2.4682949040598402e+01
    -1.4473667120991209e+01 6.7284651827902650e+01
    -1.0319764553486535e-01 1.7000556085483032e-01
    1.5808240464529886e+00 1.9345910047224923e+01
    -1.6494727503250967e+01 6.6899607067908946e+01
    -9.5297940125084454e-02 1.6767902787548108e-01
    1.5769974180553203e+00 1.9497361986680378e+01
    -1.6784972816659195e+01 6.5677345171809336e+01</data></Extrinsic_Parameters>
