<?xml version="1.0"?>
<opencv_storage>
<calibration_Time>"Tue Jan 10 15:25:12 2017"</calibration_Time>
<nrOfFrames>12</nrOfFrames>
<image_Width>318</image_Width>
<image_Height>198</image_Height>
<board_Width>4</board_Width>
<board_Height>11</board_Height>
<square_Size>3.7999999523162842e+00</square_Size>
<!-- flags:  +fix_principal_point +zero_tangent_dist -->
<flagValue>12</flagValue>
<Camera_Matrix type_id="opencv-matrix">
  <rows>3</rows>
  <cols>3</cols>
  <dt>d</dt>
  <data>
    2.4236836931411312e+02 0. 1.5850000000000000e+02 0.
    2.4269130075943508e+02 9.8500000000000000e+01 0. 0. 1.</data></Camera_Matrix>
<Distortion_Coefficients type_id="opencv-matrix">
  <rows>5</rows>
  <cols>1</cols>
  <dt>d</dt>
  <data>
    -4.0637131805110110e-01 1.3403512885726229e-01 0. 0.
    3.4591863720618884e-02</data></Distortion_Coefficients>
<Avg_Reprojection_Error>3.6871608275130013e-01</Avg_Reprojection_Error>
<Per_View_Reprojection_Errors type_id="opencv-matrix">
  <rows>12</rows>
  <cols>1</cols>
  <dt>f</dt>
  <data>
    3.09529901e-01 6.76129043e-01 2.85409302e-01 2.92598307e-01
    2.70976305e-01 2.76886821e-01 3.21675211e-01 2.70134538e-01
    3.29902112e-01 3.44149530e-01 3.23842764e-01 5.02689421e-01</data></Per_View_Reprojection_Errors>
<!-- a set of 6-tuples (rotation vector + translation vector) for each view -->
<Extrinsic_Parameters type_id="opencv-matrix">
  <rows>12</rows>
  <cols>6</cols>
  <dt>d</dt>
  <data>
    -6.4544765656267045e-01 -3.5528711624617548e-01
    1.4252420741225051e+00 2.9785786860249126e+00
    -1.6745180957186502e+01 6.1992934183529229e+01
    -6.4908641689832547e-01 -3.0201301449248535e-01
    1.4158647688288724e+00 6.1161544199335749e+00
    -1.1787415986530689e+01 6.1185896041079623e+01
    -3.8971644818254036e-01 -4.2865513297093878e-03
    1.5280476708164901e+00 3.0274199530734084e+01
    -9.4654416128195678e+00 5.6666908050956700e+01
    -2.9901277227187500e-01 -1.8162236732457978e-02
    1.5280037910967346e+00 3.4183344122867432e+01
    -1.6795002309331931e+01 5.3798856186383595e+01
    -5.3720960758342373e-01 4.5020707816839267e-01
    1.5259206160919940e+00 3.3452670145968263e+01
    -5.0200050639002551e+00 6.6951725664133349e+01
    1.9062275052411026e+00 1.9457696678453236e+00
    -4.7115731352621720e-01 -1.6584895317310682e+00
    -1.4034520139965005e+01 6.2720370697057632e+01
    7.0461975755619555e-01 2.1665640629122312e-01 1.5652483484130069e+00
    2.6731415735273327e+01 -1.4882599223892576e+01
    3.7823786008558926e+01 4.7307192347625465e-01
    -9.6720195280200622e-02 1.5790580719793248e+00
    1.3940938981118272e+01 -1.7748379107015456e+01
    4.6191358579542502e+01 1.7566667340927097e-01
    -2.2991414442392757e-01 1.5703019915716963e+00
    3.7048084688452319e+00 -1.6031137258508583e+01
    5.0662575206326835e+01 -2.3836782866718417e-01
    -7.4450067158237876e-01 1.5137292571002243e+00
    9.8575732933900664e+00 -1.6571900931736426e+01
    5.9721809068225298e+01 -1.9108393099621587e-01
    -6.8150516920745829e-01 1.5374837121155545e+00
    1.4310460620194668e+01 -1.5274174813035447e+01
    5.9981936405737912e+01 5.9238158941508634e-01
    -7.0888325561053211e-01 1.4757028939590147e+00
    1.7050028380741718e+01 -1.0021007602720864e+01
    3.5902433397690608e+01</data></Extrinsic_Parameters>
<Image_points type_id="opencv-matrix">
  <rows>12</rows>
  <cols>44</cols>
  <dt>"2f"</dt>
  <data>
    1.69801437e+02 3.46307030e+01 1.74688110e+02 6.15376282e+01
    1.78490051e+02 9.10187759e+01 1.83185898e+02 1.21457207e+02
    1.60384171e+02 4.61509666e+01 1.64536713e+02 7.55961685e+01
    1.68731033e+02 1.06820900e+02 1.73647324e+02 1.38765472e+02
    1.45870758e+02 3.05129261e+01 1.50290054e+02 5.91552238e+01
    1.53788040e+02 9.09496613e+01 1.58128418e+02 1.24302101e+02
    1.34514328e+02 4.27427406e+01 1.38401001e+02 7.40711441e+01
    1.41881744e+02 1.08205376e+02 1.46519592e+02 1.43106262e+02
    1.18380211e+02 2.66151543e+01 1.21382462e+02 5.70859795e+01
    1.25104584e+02 9.09024734e+01 1.28948624e+02 1.27217728e+02
    1.04417213e+02 3.99072647e+01 1.07060738e+02 7.31288681e+01
    1.10711876e+02 1.09657158e+02 1.15394760e+02 1.47379410e+02
    8.82253113e+01 2.27752190e+01 8.90045547e+01 5.52035141e+01
    9.15158463e+01 9.10671082e+01 9.53718796e+01 1.29972427e+02
    7.17616882e+01 3.72360153e+01 7.23937531e+01 7.22656937e+01
    7.51608810e+01 1.10976501e+02 8.00128937e+01 1.51269333e+02
    5.59188156e+01 1.98834972e+01 5.43262215e+01 5.36325684e+01
    5.53510361e+01 9.12245407e+01 5.84604034e+01 1.32314651e+02
    3.80210304e+01 3.51676903e+01 3.62637634e+01 7.17024231e+01
    3.77157288e+01 1.11868675e+02 4.22023468e+01 1.54173996e+02
    2.33439083e+01 1.82007809e+01 1.95516434e+01 5.26133842e+01
    1.83401127e+01 9.12919769e+01 2.08468399e+01 1.33694382e+02
    1.82631699e+02 5.20528069e+01 1.88624481e+02 8.07175674e+01
    1.93250671e+02 1.11154045e+02 1.98481232e+02 1.41907730e+02
    1.73615799e+02 6.51536560e+01 1.78895859e+02 9.61553040e+01
    1.83936279e+02 1.28194321e+02 1.89349945e+02 1.60028397e+02
    1.58129852e+02 4.91337509e+01 1.63985046e+02 7.99454117e+01
    1.68575836e+02 1.13032310e+02 1.73814651e+02 1.46690231e+02
    1.47054596e+02 6.31405983e+01 1.52468750e+02 9.65222931e+01
    1.57131943e+02 1.31608154e+02 1.62617264e+02 1.66241913e+02
    1.29529449e+02 4.63870087e+01 1.34364075e+02 7.93489609e+01
    1.39757004e+02 1.14956711e+02 1.44900818e+02 1.51645264e+02
    1.15860275e+02 6.16730843e+01 1.20446991e+02 9.73369064e+01
    1.25980881e+02 1.34986435e+02 1.32092911e+02 1.72321243e+02
    9.79434433e+01 4.36218338e+01 1.00819458e+02 7.89562607e+01
    1.05545631e+02 1.16909950e+02 1.11340767e+02 1.56248398e+02
    8.16713028e+01 6.01489830e+01 8.47626343e+01 9.79805832e+01
    8.99963608e+01 1.38116562e+02 9.70408707e+01 1.77965454e+02
    6.35987206e+01 4.16059761e+01 6.44788513e+01 7.85708923e+01
    6.83428192e+01 1.18677177e+02 7.41714172e+01 1.60167023e+02
    4.57871284e+01 5.89556198e+01 4.68813629e+01 9.85615540e+01
    5.15115585e+01 1.40433411e+02 5.88207436e+01 1.82078247e+02
    2.87826843e+01 4.04950104e+01 2.76780663e+01 7.83842468e+01
    2.97957077e+01 1.19708542e+02 3.57759476e+01 1.62691132e+02
    2.73288147e+02 6.24606590e+01 2.79075073e+02 9.01611023e+01
    2.82527557e+02 1.19498260e+02 2.85162079e+02 1.49151840e+02
    2.66110504e+02 7.52323380e+01 2.70717651e+02 1.05031990e+02
    2.73835724e+02 1.35850357e+02 2.76031067e+02 1.66520599e+02
    2.51950333e+02 5.96984863e+01 2.57918274e+02 8.93297729e+01
    2.61475372e+02 1.21139465e+02 2.63861664e+02 1.53522156e+02
    2.42787720e+02 7.31635513e+01 2.47751404e+02 1.05235893e+02
    2.50469955e+02 1.38838654e+02 2.52255463e+02 1.72271332e+02
    2.26237549e+02 5.70115242e+01 2.31515564e+02 8.86710052e+01
    2.35745865e+02 1.22789139e+02 2.37882034e+02 1.58049423e+02
    2.14283188e+02 7.15475235e+01 2.18725403e+02 1.05778694e+02
    2.22099213e+02 1.41904785e+02 2.23964157e+02 1.77835434e+02
    1.96528839e+02 5.39490356e+01 2.00390091e+02 8.79684677e+01
    2.04057755e+02 1.24394279e+02 2.06536606e+02 1.62086197e+02
    1.81477325e+02 6.96752548e+01 1.84676376e+02 1.06051620e+02
    1.87658905e+02 1.44494339e+02 1.89959564e+02 1.82836517e+02
    1.62534073e+02 5.14298248e+01 1.64702835e+02 8.70897217e+01
    1.67582520e+02 1.25513969e+02 1.69854095e+02 1.65483368e+02
    1.44996948e+02 6.78071671e+01 1.46354980e+02 1.05900330e+02
    1.48713409e+02 1.46232559e+02 1.50925018e+02 1.86500702e+02
    1.25716675e+02 4.94327927e+01 1.25930267e+02 8.60966263e+01
    1.27026993e+02 1.25883392e+02 1.29133270e+02 1.67447479e+02
    2.86955658e+02 3.51962624e+01 2.93555237e+02 6.19914360e+01
    2.97722900e+02 9.10982361e+01 3.01034821e+02 1.21016670e+02
    2.80599762e+02 4.66060638e+01 2.86204773e+02 7.58258057e+01
    2.90012054e+02 1.06578827e+02 2.92649200e+02 1.37975800e+02
    2.66664398e+02 3.09819355e+01 2.73448608e+02 5.94636650e+01
