<?xml version="1.0"?>
<opencv_storage>
<calibration_Time>"Thu Jan 19 21:01:28 2017"</calibration_Time>
<nrOfFrames>25</nrOfFrames>
<image_Width>318</image_Width>
<image_Height>198</image_Height>
<board_Width>4</board_Width>
<board_Height>11</board_Height>
<square_Size>3.7999999523162842e+00</square_Size>
<!-- flags:  +fix_principal_point +zero_tangent_dist -->
<flagValue>12</flagValue>
<Camera_Matrix type_id="opencv-matrix">
  <rows>3</rows>
  <cols>3</cols>
  <dt>d</dt>
  <data>
    2.5474030166523775e+02 0. 1.5850000000000000e+02 0.
    2.5419500512061813e+02 9.8500000000000000e+01 0. 0. 1.</data></Camera_Matrix>
<Distortion_Coefficients type_id="opencv-matrix">
  <rows>5</rows>
  <cols>1</cols>
  <dt>d</dt>
  <data>
    -4.3152796745636346e-01 -2.8268219619600691e-02 0. 0.
    1.3107481482130492e+00</data></Distortion_Coefficients>
<Avg_Reprojection_Error>1.0581593322409977e+00</Avg_Reprojection_Error>
<Per_View_Reprojection_Errors type_id="opencv-matrix">
  <rows>25</rows>
  <cols>1</cols>
  <dt>f</dt>
  <data>
    8.19034696e-01 8.88787568e-01 9.26879585e-01 9.10407901e-01
    9.04035985e-01 8.95452619e-01 9.51339722e-01 9.68064785e-01
    9.95455623e-01 1.06303084e+00 1.06195652e+00 1.07448959e+00
    1.07558799e+00 1.07243562e+00 1.08590174e+00 1.10667241e+00
    1.13145745e+00 1.16720724e+00 1.22266281e+00 1.25285137e+00
    1.29126251e+00 1.29610455e+00 1.63703668e+00 5.14142334e-01
    5.19384503e-01</data></Per_View_Reprojection_Errors>
<!-- a set of 6-tuples (rotation vector + translation vector) for each view -->
<Extrinsic_Parameters type_id="opencv-matrix">
  <rows>25</rows>
  <cols>6</cols>
  <dt>d</dt>
  <data>
    2.5181046337997426e-01 2.2274215639922113e-01
    -1.6023003745088442e+00 -5.1301032149027783e+00
    1.2223308981033760e+01 6.7999956329791388e+01 2.4177034434937980e-01
    1.2717388568602714e-01 -1.6636560821310535e+00
    -1.3783623610102728e+01 1.6703644485988487e+01
    5.7686186924766112e+01 2.6601532814101875e-01 1.6581668710140407e-01
    -1.6584760597817720e+00 -1.1905228181026327e+01
    1.7372098510858685e+01 5.8239824444247198e+01 2.4966362704609946e-01
    1.5196745911579210e-01 -1.6524502711092868e+00
    -1.3474789872782321e+01 1.6891869583944814e+01
    5.7935089452949441e+01 2.5959599927999771e-01 1.5560309619323212e-01
    -1.6640605610689745e+00 -1.3266376845134291e+01
    1.6057576500160540e+01 5.8054410719523148e+01 2.8504369358197656e-01
    1.5929029485458437e-01 -1.6727653300464596e+00
    -1.4538905519551605e+01 1.5717815979554864e+01
    5.7246729294180291e+01 2.9499979602043702e-01 1.7063568367417259e-01
    -1.6916483038340562e+00 -1.4427729969411216e+01
    1.4017434850477638e+01 5.7318910214498949e+01 3.1754105147706435e-01
    1.8295358822995891e-01 -1.7094342195876833e+00
    -1.4281820337086991e+01 1.3668434951834064e+01
    5.7631676108425125e+01 3.1961340186068127e-01 1.7247865634287557e-01
    -1.7084430469435841e+00 -1.4834421656889186e+01
    1.3802109283200256e+01 5.6560879061449974e+01 3.6590958171620452e-01
    2.2398640282946003e-01 -1.7121713249590276e+00
    -1.4238008336557803e+01 1.3216048071916571e+01
    5.7096793800614485e+01 3.4199523790579667e-01 1.9673673320776749e-01
    -1.7061623767420464e+00 -1.4266854967285425e+01
    1.2961073948702680e+01 5.6206375592913325e+01 3.5497272930389684e-01
    2.0088482015885947e-01 -1.7008094954519402e+00
    -1.4377717005493849e+01 1.2501199752373756e+01
    5.5690034821576909e+01 3.5699886084417232e-01 2.0509902345526212e-01
    -1.7061122524617862e+00 -1.3671256362056507e+01
    1.1719154773850674e+01 5.6218785961573090e+01 3.6597297735916573e-01
    1.8251712046401908e-01 -1.6926913596312438e+00
    -1.4048608996621693e+01 1.3265197936700199e+01
    5.5114699066938137e+01 3.5998472621349292e-01 1.8745012178509410e-01
    -1.7006895305133682e+00 -1.3759782599863435e+01
    1.3462190950591996e+01 5.5068937694589735e+01 3.4563789633648712e-01
    1.6590280196928436e-01 -1.7015238127488481e+00
    -1.4280029598450881e+01 1.4204238890553235e+01
    5.3823025896686126e+01 3.6786572023073344e-01 1.7975822338593445e-01
    -1.7074092261767633e+00 -1.4348166131456798e+01
    1.4715205506376789e+01 5.3404104430196291e+01 3.8651889395676242e-01
    1.7392061501463849e-01 -1.7098272522955087e+00
    -1.4757525677270031e+01 1.5510279770303834e+01
    5.2533026098302855e+01 3.5831243278975483e-01 1.6201068474387265e-01
    -1.7158856115536381e+00 -1.5126943945493947e+01
    1.6912424470945428e+01 5.2491701992615610e+01 3.1240019956891013e-01
    1.9809271410556184e-01 -1.5976509468129840e+00
    -1.4030238847466622e+01 1.8098436678516968e+01
    5.1740486242888565e+01 3.4890846574682233e-01 2.2625447195533696e-01
    -1.6198207717043065e+00 -1.4165485805544320e+01
    1.4141584114725525e+01 5.2006260507227694e+01 3.5992549105231886e-01
    2.2954120549736137e-01 -1.6376003575952025e+00
    -1.3779247416607072e+01 1.4081715029033578e+01
    5.2359180337273841e+01 4.3028424999480563e-01 2.0037390353149742e-01
    -1.3900645340748845e+00 -1.8646725280861947e+01
    9.3864979640826043e+00 5.2916790361681038e+01 2.3132000582047288e-01
    -2.2835443017438109e-01 -1.8067916685435667e-01
    -2.8697982224319709e+01 -1.2246469988550016e+01
    6.8701672532335252e+01 2.5092433326206320e-01
    -2.7874415919276413e-01 -2.0354151460648220e-01
    -2.7979332644221628e+01 -1.2129429336282938e+01
    6.7676364175562369e+01</data></Extrinsic_Parameters>
