<?xml version="1.0"?>
<opencv_storage>
<calibration_Time>"Sat Feb  4 16:31:52 2017"</calibration_Time>
<nrOfFrames>17</nrOfFrames>
<image_Width>318</image_Width>
<image_Height>198</image_Height>
<board_Width>4</board_Width>
<board_Height>11</board_Height>
<square_Size>1.2999999523162842e+00</square_Size>
<flagValue>0</flagValue>
<Camera_Matrix type_id="opencv-matrix">
  <rows>3</rows>
  <cols>3</cols>
  <dt>d</dt>
  <data>
    2.3836395261046937e+02 0. 1.5641933532822614e+02 0.
    2.3762706145555867e+02 1.1203938556239429e+02 0. 0. 1.</data></Camera_Matrix>
<Distortion_Coefficients type_id="opencv-matrix">
  <rows>5</rows>
  <cols>1</cols>
  <dt>d</dt>
  <data>
    -4.0194037885339751e-01 2.4255114038058523e-01
    7.6978212125799735e-04 2.5116271128861659e-03
    -1.1006788907956642e-01</data></Distortion_Coefficients>
<Avg_Reprojection_Error>1.9001809209413087e-01</Avg_Reprojection_Error>
<Per_View_Reprojection_Errors type_id="opencv-matrix">
  <rows>17</rows>
  <cols>1</cols>
  <dt>f</dt>
  <data>
    1.35037228e-01 1.17478371e-01 1.06334567e-01 1.08594544e-01
    1.92877516e-01 1.44258514e-01 8.66120830e-02 1.23467296e-01
    1.57513663e-01 1.41976908e-01 2.08263054e-01 2.01357856e-01
    2.78972536e-01 7.77654871e-02 9.20837745e-02 4.34963107e-01
    2.59789944e-01</data></Per_View_Reprojection_Errors>
<!-- a set of 6-tuples (rotation vector + translation vector) for each view -->
<Extrinsic_Parameters type_id="opencv-matrix">
  <rows>17</rows>
  <cols>6</cols>
  <dt>d</dt>
  <data>
    -1.3661825616795062e-01 -3.8554082993397271e-02
    -1.5733803948469944e+00 -9.1626785688066246e+00
    3.6757334725877189e+00 2.3070508283401058e+01
    -1.4711645592868575e-01 -2.9061984900379752e-02
    -1.5647371626631990e+00 -9.0667278469650405e+00
    3.7835546894561372e+00 2.3042620351970374e+01
    -4.1653987430024331e-01 1.3738129576466113e-01
    -1.3424978209084575e+00 -1.2251821373893478e+01
    3.9045634381297427e+00 2.7196198582406996e+01
    -4.1504300990927717e-01 1.5079216695284450e-01
    -1.3501875190491504e+00 -1.1093255030108887e+01
    3.0637000779514865e+00 2.7217614556876928e+01
    -1.3763936403658114e-01 -4.4291668095279957e-01
    -1.5793118042095935e+00 -4.4592738545066597e+00
    5.3095572333585821e+00 1.7410561201135465e+01
    -1.2275471026197174e-01 -4.1876294737634556e-01
    -1.5781446316899410e+00 -4.7345681391113370e+00
    5.2451325784651361e+00 1.7296575991397585e+01
    -1.4716664298692750e-01 -1.0061489545316667e-01
    -1.4860138542910226e+00 -8.2215635755248311e+00
    6.4730006776553246e+00 2.7150638600557745e+01
    -1.2099801714434368e-01 -9.2354225125456935e-02
    -1.5007328019097830e+00 -8.2425563875813648e+00
    6.1064203867579412e+00 2.6843642207703969e+01
    -6.1005385517732458e-01 -6.0143794360547309e-01
    -1.4798758045682980e+00 -8.4942592868369946e+00
    3.0003070581929978e+00 2.0069844100170499e+01
    -6.2309329477465392e-01 -5.8740932411822699e-01
    -1.4793286993553523e+00 -8.4500431093927997e+00
    3.2139814388970955e+00 1.9980333052386854e+01 3.9636987356012682e-01
    4.1549617560219598e-01 -1.4748995077969005e+00
    -8.8667076918291521e+00 1.5195110245340002e+00
    2.0861841614992159e+01 4.0869458384603730e-01 4.1732599887834843e-01
    -1.5015217249833934e+00 -8.2315946413819319e+00
    1.6177253453271507e+00 2.0966763842037764e+01 1.9842000112824501e-01
    2.3306993925606055e-02 -1.6627038064853294e+00
    -1.2546750410579023e+01 1.0121231188732247e+00
    1.9086771816427540e+01 -9.7272189834083603e-02
    6.9499428374768376e-04 -1.5560908394238295e+00
    -8.2197479884145608e+00 3.4886276914283139e+00
    2.8526549190314043e+01 -4.1180019914700140e-02
    -2.7639875941059079e-02 -1.5893932098385239e+00
    -1.0163836035542277e+01 3.4637198719639120e+00
    2.7481762004212516e+01 3.2508311582375393e-01 4.1880663532439300e-02
    -1.7244590860774067e+00 -1.1757159201264640e+01
    3.8793632917621181e+00 1.8812811482579043e+01 3.9441708963422301e-01
    3.7474909351416164e-01 -1.6199975510781019e+00
    -6.9460358901116050e+00 3.6897188474647669e+00
    1.8824495140325471e+01</data></Extrinsic_Parameters>
