<?xml version="1.0"?>
<opencv_storage>
<calibration_Time>"Fri Jan 20 17:56:02 2017"</calibration_Time>
<nrOfFrames>25</nrOfFrames>
<image_Width>318</image_Width>
<image_Height>198</image_Height>
<board_Width>4</board_Width>
<board_Height>11</board_Height>
<square_Size>3.7999999523162842e+00</square_Size>
<!-- flags:  +fix_principal_point +zero_tangent_dist -->
<flagValue>12</flagValue>
<Camera_Matrix type_id="opencv-matrix">
  <rows>3</rows>
  <cols>3</cols>
  <dt>d</dt>
  <data>
    3.8013212815465715e+02 0. 1.5850000000000000e+02 0.
    3.8831782867039436e+02 9.8500000000000000e+01 0. 0. 1.</data></Camera_Matrix>
<Distortion_Coefficients type_id="opencv-matrix">
  <rows>5</rows>
  <cols>1</cols>
  <dt>d</dt>
  <data>
    -9.0382583120268756e-01 6.9036760436262563e+00 0. 0.
    -5.1452011181434763e+01</data></Distortion_Coefficients>
<Avg_Reprojection_Error>3.3417770842926475e-01</Avg_Reprojection_Error>
<Per_View_Reprojection_Errors type_id="opencv-matrix">
  <rows>25</rows>
  <cols>1</cols>
  <dt>f</dt>
  <data>
    2.95009762e-01 3.25078338e-01 3.22005004e-01 3.37288767e-01
    3.33524257e-01 3.41099352e-01 3.42205763e-01 3.28825593e-01
    3.41634482e-01 3.26980442e-01 3.32219332e-01 3.42145473e-01
    3.25242758e-01 3.23846996e-01 3.32265705e-01 3.27726364e-01
    3.22838724e-01 3.38606358e-01 3.37141752e-01 3.51016641e-01
    3.37360173e-01 3.53275269e-01 3.48324269e-01 3.43874037e-01
    3.39725643e-01</data></Per_View_Reprojection_Errors>
<!-- a set of 6-tuples (rotation vector + translation vector) for each view -->
<Extrinsic_Parameters type_id="opencv-matrix">
  <rows>25</rows>
  <cols>6</cols>
  <dt>d</dt>
  <data>
    -2.1308264354494402e-01 -1.7091396480329249e-01
    -5.4486657156598461e-01 -3.4549163369683953e+01
    -7.7427652651209327e+00 1.2084304416963772e+02
    -1.8938519516823804e-01 -1.8417855680792136e-01
    -5.3280428956984671e-01 -3.3836511753637446e+01
    -7.8888410474783246e+00 1.1576501117918029e+02
    -2.0230136301704835e-01 -1.8382580714805002e-01
    -5.3645951648981649e-01 -3.4332227353577622e+01
    -7.5019396451662201e+00 1.1630431315402843e+02
    -2.0782238057581434e-01 -1.8668275247862687e-01
    -5.3242263845427329e-01 -3.4364050834570861e+01
    -7.6095034723981119e+00 1.1682899582871012e+02
    -2.0817533598828186e-01 -1.8137638023139446e-01
    -5.3104674903670990e-01 -3.4174708543341936e+01
    -7.5296576574746918e+00 1.1724746366255272e+02
    -2.0547729870923553e-01 -1.8234631569927756e-01
    -5.3362239119366994e-01 -3.4628641246912814e+01
    -7.4059615007356854e+00 1.1659008377586727e+02
    -2.1122548225362536e-01 -1.8094420215621390e-01
    -5.3332273447111611e-01 -3.4300651023605134e+01
    -7.8791825483875746e+00 1.1658263202119866e+02
    -2.0643133199272617e-01 -1.8372724864232157e-01
    -5.3369208103240717e-01 -3.4760111574222705e+01
    -7.4863838137850225e+00 1.1706571122363673e+02
    -2.0715366339061725e-01 -1.8620275571949310e-01
    -5.3287183680540873e-01 -3.4729073787817519e+01
    -7.9249767754914240e+00 1.1651117604453000e+02
    -2.0566087571590791e-01 -1.8515843650689617e-01
    -5.3721202518356093e-01 -3.5272802249815022e+01
    -7.8348295968639272e+00 1.1640318640996837e+02
    -2.0714556310072560e-01 -1.8201516361412409e-01
    -5.3445048043444943e-01 -3.5041494262715723e+01
    -7.9668485605130348e+00 1.1676823762594505e+02
    -2.0833058291366227e-01 -1.7843885674717383e-01
    -5.3612439870958517e-01 -3.5316420875181485e+01
    -7.9701677565542157e+00 1.1663353779814526e+02
    -2.0480965383939839e-01 -1.8031063887905457e-01
    -5.3819190059682687e-01 -3.5410832134347750e+01
    -7.9539131578081470e+00 1.1666450523481377e+02
    -2.0848103515091077e-01 -1.8190262742600444e-01
    -5.3789733427598174e-01 -3.5365085905699594e+01
    -7.8625700835397332e+00 1.1678217286043309e+02
    -2.0806110990621549e-01 -1.8124432696215839e-01
    -5.3515372379365611e-01 -3.4956475014618050e+01
    -8.1546895968475717e+00 1.1673658884552914e+02
    -2.0582477594231269e-01 -1.7890404511332492e-01
    -5.3380585078178544e-01 -3.4775275021507682e+01
    -8.2182766127115112e+00 1.1685167749748211e+02
    -2.1141720184123144e-01 -1.7949758029735491e-01
    -5.3435357429625996e-01 -3.4827353755286687e+01
    -8.3068472935905326e+00 1.1675657320687912e+02
    -2.0530800540135916e-01 -1.8017641658451578e-01
    -5.3344045669848061e-01 -3.4722102153779851e+01
    -8.4673862240689886e+00 1.1643759541812078e+02
    -2.0709559332704811e-01 -1.8083123187932063e-01
    -5.3206363992953154e-01 -3.4490148291796437e+01
    -8.4943366656178600e+00 1.1649713580261832e+02
    -2.0562324328581949e-01 -1.7964967637324850e-01
    -5.3150809577827252e-01 -3.4506002962771667e+01
    -8.5407728639624079e+00 1.1633243345600815e+02
    -2.1010835212620374e-01 -1.8235102106582327e-01
    -5.3113310295817073e-01 -3.4363899167799133e+01
    -8.6268793599604372e+00 1.1649138288994648e+02
    -2.1075930526183184e-01 -1.7926793382601283e-01
    -5.3168159413106997e-01 -3.4499293782711241e+01
    -8.5784539784426759e+00 1.1639540342421229e+02
    -2.0707785000419562e-01 -1.7978286863699156e-01
    -5.3375562591038261e-01 -3.4727998472931283e+01
    -8.5016279166359432e+00 1.1611326034634040e+02
    -2.0548779064002831e-01 -1.8078799360233233e-01
    -5.3369862188869666e-01 -3.4753224590567541e+01
    -8.4586340333367858e+00 1.1616560395632517e+02
    -2.0548627774850989e-01 -1.7692022839979341e-01
    -5.3429145631261921e-01 -3.4931174783665838e+01
    -8.3170916891040587e+00 1.1634109484567843e+02</data></Extrinsic_Parameters>
