Camera Matrix:
Fx: 240.929
Fy: 240.747
Cx: 164.002
Cy: 103.226

Distortion Coefficients:
K1: -0.444179
K2: 0.298555
K3: -0.162194
P1: 0.000893723
P2: -0.000177894