Camera Matrix:
Fx: 247.388
Fy: 247.053
Cx: 163.288
Cy: 92.7593

Distortion Coefficients:
K1: -0.421464
K2: 0.110155
K3: 0.290641
P1: 0.00348819
P2: 0.00341807