Camera Matrix:
Fx: 239.566
Fy: 239.231
Cx: 160.869
Cy: 99.6306

Distortion Coefficients:
K1: -0.439195
K2: 0.282732
K3: -0.155951
P1: 8.54827e-05
P2: 0.000265953