Camera Matrix:
Fx: 240.902
Fy: 240.757
Cx: 158.199
Cy: 110.387

Distortion Coefficients:
K1: -0.436848
K2: 0.285756
K3: -0.129075
P1: 0.00176296
P2: 0.00227266