Camera Matrix:
Fx: 243.12
Fy: 242.87
Cx: 168.895
Cy: 105.453

Distortion Coefficients:
K1: -0.460818
K2: 0.360845
K3: -0.238615
P1: -0.000724873
P2: -0.000338102