Camera Matrix:
Fx: 246.154
Fy: 245.877
Cx: 160.911
Cy: 95.2885

Distortion Coefficients:
K1: -0.437933
K2: 0.280776
K3: -0.14485
P1: -0.00131247
P2: 0.00152825