Camera Matrix:
Fx: 242.992
Fy: 243.003
Cx: 157.908
Cy: 115.547

Distortion Coefficients:
K1: -0.430216
K2: 0.295552
K3: -0.24907
P1: 0.0023495
P2: 0.000982902